X[0][0][0]=0.000000
X[0][0][1]=0.010926
X[0][0][2]=0.043227
X[0][0][3]=0.095492
X[0][0][4]=0.165435
X[0][0][5]=0.250000
X[0][0][6]=0.345492
X[0][0][7]=0.447736
X[0][0][8]=0.552264
X[0][0][9]=0.654508
X[0][0][10]=0.750000
X[0][0][11]=0.834565
X[0][0][12]=0.904508
X[0][0][13]=0.956773
X[0][0][14]=0.989074
X[0][0][15]=1.000000
X[0][0][16]=0.989074
X[0][0][17]=0.956773
X[0][0][18]=0.904508
X[0][0][19]=0.834565
X[0][0][20]=0.750000
X[0][0][21]=0.654508
X[0][0][22]=0.552264
X[0][0][23]=0.447736
X[0][0][24]=0.345492
X[0][0][25]=0.250000
X[0][0][26]=0.165435
X[0][0][27]=0.095492
X[0][0][28]=0.043227
X[0][0][29]=0.010926
X[0][1][0]=0.000000
X[0][1][1]=-0.010926
X[0][1][2]=-0.043227
X[0][1][3]=-0.095492
X[0][1][4]=-0.165435
X[0][1][5]=-0.250000
X[0][1][6]=-0.345492
X[0][1][7]=-0.447736
X[0][1][8]=-0.552264
X[0][1][9]=-0.654508
X[0][1][10]=-0.750000
X[0][1][11]=-0.834565
X[0][1][12]=-0.904508
X[0][1][13]=-0.956773
X[0][1][14]=-0.989074
X[0][1][15]=-1.000000
X[0][1][16]=-0.989074
X[0][1][17]=-0.956773
X[0][1][18]=-0.904508
X[0][1][19]=-0.834565
X[0][1][20]=-0.750000
X[0][1][21]=-0.654508
X[0][1][22]=-0.552264
X[0][1][23]=-0.447736
X[0][1][24]=-0.345492
X[0][1][25]=-0.250000
X[0][1][26]=-0.165435
X[0][1][27]=-0.095492
X[0][1][28]=-0.043227
X[0][1][29]=-0.010926
X[1][0][0]=0.000000
X[1][0][1]=-0.010926
X[1][0][2]=-0.043227
X[1][0][3]=-0.095492
X[1][0][4]=-0.165435
X[1][0][5]=-0.250000
X[1][0][6]=-0.345492
X[1][0][7]=-0.447736
X[1][0][8]=-0.552264
X[1][0][9]=-0.654508
X[1][0][10]=-0.750000
X[1][0][11]=-0.834565
X[1][0][12]=-0.904508
X[1][0][13]=-0.956773
X[1][0][14]=-0.989074
X[1][0][15]=-1.000000
X[1][0][16]=-0.989074
X[1][0][17]=-0.956773
X[1][0][18]=-0.904508
X[1][0][19]=-0.834565
X[1][0][20]=-0.750000
X[1][0][21]=-0.654508
X[1][0][22]=-0.552264
X[1][0][23]=-0.447736
X[1][0][24]=-0.345492
X[1][0][25]=-0.250000
X[1][0][26]=-0.165435
X[1][0][27]=-0.095492
X[1][0][28]=-0.043227
X[1][0][29]=-0.010926
X[1][1][0]=0.000000
X[1][1][1]=0.010926
X[1][1][2]=0.043227
X[1][1][3]=0.095492
X[1][1][4]=0.165435
X[1][1][5]=0.250000
X[1][1][6]=0.345492
X[1][1][7]=0.447736
X[1][1][8]=0.552264
X[1][1][9]=0.654508
X[1][1][10]=0.750000
X[1][1][11]=0.834565
X[1][1][12]=0.904508
X[1][1][13]=0.956773
X[1][1][14]=0.989074
X[1][1][15]=1.000000
X[1][1][16]=0.989074
X[1][1][17]=0.956773
X[1][1][18]=0.904508
X[1][1][19]=0.834565
X[1][1][20]=0.750000
X[1][1][21]=0.654508
X[1][1][22]=0.552264
X[1][1][23]=0.447736
X[1][1][24]=0.345492
X[1][1][25]=0.250000
X[1][1][26]=0.165435
X[1][1][27]=0.095492
X[1][1][28]=0.043227
X[1][1][29]=0.010926
Y[0][2][0]=0.100000
Y[0][2][1]=0.108741
Y[0][2][2]=0.134582
Y[0][2][3]=0.176393
Y[0][2][4]=0.232348
Y[0][2][5]=0.300000
Y[0][2][6]=0.376393
Y[0][2][7]=0.458189
Y[0][2][8]=0.541811
Y[0][2][9]=0.623607
Y[0][2][10]=0.700000
Y[0][2][11]=0.767652
Y[0][2][12]=0.823607
Y[0][2][13]=0.865418
Y[0][2][14]=0.891259
Y[0][2][15]=0.900000
Y[0][2][16]=0.891259
Y[0][2][17]=0.865418
Y[0][2][18]=0.823607
Y[0][2][19]=0.767652
Y[0][2][20]=0.700000
Y[0][2][21]=0.623607
Y[0][2][22]=0.541811
Y[0][2][23]=0.458189
Y[0][2][24]=0.376393
Y[0][2][25]=0.300000
Y[0][2][26]=0.232348
Y[0][2][27]=0.176393
Y[0][2][28]=0.134582
Y[0][2][29]=0.108741
Y[1][2][0]=0.100000
Y[1][2][1]=0.108741
Y[1][2][2]=0.134582
Y[1][2][3]=0.176393
Y[1][2][4]=0.232348
Y[1][2][5]=0.300000
Y[1][2][6]=0.376393
Y[1][2][7]=0.458189
Y[1][2][8]=0.541811
Y[1][2][9]=0.623607
Y[1][2][10]=0.700000
Y[1][2][11]=0.767652
Y[1][2][12]=0.823607
Y[1][2][13]=0.865418
Y[1][2][14]=0.891259
Y[1][2][15]=0.900000
Y[1][2][16]=0.891259
Y[1][2][17]=0.865418
Y[1][2][18]=0.823607
Y[1][2][19]=0.767652
Y[1][2][20]=0.700000
Y[1][2][21]=0.623607
Y[1][2][22]=0.541811
Y[1][2][23]=0.458189
Y[1][2][24]=0.376393
Y[1][2][25]=0.300000
Y[1][2][26]=0.232348
Y[1][2][27]=0.176393
Y[1][2][28]=0.134582
Y[1][2][29]=0.108741
end
