Unit:5
w[0][0]=1.463977
w[0][1]=-1.035872
w[0][2]=3.090736
w[0][3]=-0.144924
w[0][4]=-0.402115
w[1][0]=-1.041156
w[1][1]=1.396874
w[1][2]=2.939827
w[1][3]=-0.059726
w[1][4]=-0.393438
w[2][0]=-2.014387
w[2][1]=-2.070821
w[2][2]=-0.929978
w[2][3]=-1.965017
w[2][4]=-0.342640
w[3][0]=0.854168
w[3][1]=0.972977
w[3][2]=0.064572
w[3][3]=2.151200
w[3][4]=-0.911689
w[4][0]=-1.292346
w[4][1]=-1.376405
w[4][2]=-0.870163
w[4][3]=0.035595
w[4][4]=1.425267
