Unit:4
w[0][0]=-0.062841
w[0][1]=-6.633454
w[0][2]=0.839806
w[0][3]=-0.033445
w[1][0]=1.327285
w[1][1]=0.534754
w[1][2]=0.008872
w[1][3]=-0.027760
w[2][0]=-0.686142
w[2][1]=2.724274
w[2][2]=0.938377
w[2][3]=-0.067517
w[3][0]=0.017680
w[3][1]=0.213309
w[3][2]=0.040308
w[3][3]=-0.032040
