X[0][0][0]=1.000000
X[0][0][1]=0.987688
X[0][0][2]=0.951057
X[0][0][3]=0.891007
X[0][0][4]=0.809017
X[0][0][5]=0.707107
X[0][0][6]=0.587785
X[0][0][7]=0.453990
X[0][0][8]=0.309017
X[0][0][9]=0.156434
X[0][0][10]=-0.000000
X[0][0][11]=-0.156434
X[0][0][12]=-0.309017
X[0][0][13]=-0.453990
X[0][0][14]=-0.587785
X[0][0][15]=-0.707107
X[0][0][16]=-0.809017
X[0][0][17]=-0.891007
X[0][0][18]=-0.951057
X[0][0][19]=-0.987688
Y[0][1][0]=0.500000
Y[0][1][1]=0.437426
Y[0][1][2]=0.376393
Y[0][1][3]=0.318404
Y[0][1][4]=0.264886
Y[0][1][5]=0.217157
Y[0][1][6]=0.176393
Y[0][1][7]=0.143597
Y[0][1][8]=0.119577
Y[0][1][9]=0.104925
Y[0][1][10]=0.100000
Y[0][1][11]=0.104925
Y[0][1][12]=0.119577
Y[0][1][13]=0.143597
Y[0][1][14]=0.176393
Y[0][1][15]=0.217157
Y[0][1][16]=0.264886
Y[0][1][17]=0.318404
Y[0][1][18]=0.376393
Y[0][1][19]=0.437426
X[1][0][0]=-1.000000
X[1][0][1]=-0.987688
X[1][0][2]=-0.951057
X[1][0][3]=-0.891007
X[1][0][4]=-0.809017
X[1][0][5]=-0.707107
X[1][0][6]=-0.587785
X[1][0][7]=-0.453990
X[1][0][8]=-0.309017
X[1][0][9]=-0.156434
X[1][0][10]=0.000000
X[1][0][11]=0.156434
X[1][0][12]=0.309017
X[1][0][13]=0.453990
X[1][0][14]=0.587785
X[1][0][15]=0.707107
X[1][0][16]=0.809017
X[1][0][17]=0.891007
X[1][0][18]=0.951057
X[1][0][19]=0.987688
Y[1][1][0]=0.500000
Y[1][1][1]=0.562574
Y[1][1][2]=0.623607
Y[1][1][3]=0.681596
Y[1][1][4]=0.735114
Y[1][1][5]=0.782843
Y[1][1][6]=0.823607
Y[1][1][7]=0.856403
Y[1][1][8]=0.880423
Y[1][1][9]=0.895075
Y[1][1][10]=0.900000
Y[1][1][11]=0.895075
Y[1][1][12]=0.880423
Y[1][1][13]=0.856403
Y[1][1][14]=0.823607
Y[1][1][15]=0.782843
Y[1][1][16]=0.735114
Y[1][1][17]=0.681596
Y[1][1][18]=0.623607
Y[1][1][19]=0.562574
end
