Unit:3
w[0][0]=0.237018
w[0][1]=-1.459182
w[0][2]=-0.092596
w[1][0]=-0.219189
w[1][1]=1.025863
w[1][2]=0.077645
w[2][0]=-0.088787
w[2][1]=0.360360
w[2][2]=0.029969
