Unit:5
w[0][0]=0.032996
w[0][1]=0.347335
w[0][2]=-0.016672
w[0][3]=-0.000022
w[0][4]=-0.000022
w[1][0]=-0.016383
w[1][1]=-0.150967
w[1][2]=0.004651
w[1][3]=-0.000011
w[1][4]=-0.000011
w[2][0]=-0.020139
w[2][1]=-0.173280
w[2][2]=0.007459
w[2][3]=-0.000009
w[2][4]=-0.000009
w[3][0]=-0.000465
w[3][1]=-0.001131
w[3][2]=0.000232
w[3][3]=-0.000009
w[3][4]=-0.000009
w[4][0]=-0.000465
w[4][1]=-0.001131
w[4][2]=0.000232
w[4][3]=-0.000009
w[4][4]=-0.000009
