Unit:5
w[0][0]=0.005283
w[0][1]=-0.002300
w[0][2]=0.271823
w[0][3]=0.000000
w[0][4]=0.000000
w[1][0]=-0.024859
w[1][1]=0.016726
w[1][2]=-0.243215
w[1][3]=0.000000
w[1][4]=0.000000
w[2][0]=-0.009629
w[2][1]=0.007090
w[2][2]=0.046143
w[2][3]=0.000000
w[2][4]=0.000000
w[3][0]=-0.000034
w[3][1]=0.000031
w[3][2]=-0.000225
w[3][3]=0.000000
w[3][4]=0.000000
w[4][0]=-0.000034
w[4][1]=0.000031
w[4][2]=-0.000225
w[4][3]=0.000000
w[4][4]=0.000000
