X[0][0][0]=0.000000
X[0][0][1]=0.104528
X[0][0][2]=0.207912
X[0][0][3]=0.309017
X[0][0][4]=0.406737
X[0][0][5]=0.500000
X[0][0][6]=0.587785
X[0][0][7]=0.669131
X[0][0][8]=0.743145
X[0][0][9]=0.809017
X[0][0][10]=0.866025
X[0][0][11]=0.913545
X[0][0][12]=0.951057
X[0][0][13]=0.978148
X[0][0][14]=0.994522
X[0][0][15]=1.000000
X[0][0][16]=0.994522
X[0][0][17]=0.978148
X[0][0][18]=0.951057
X[0][0][19]=0.913545
X[0][0][20]=0.866025
X[0][0][21]=0.809017
X[0][0][22]=0.743145
X[0][0][23]=0.669131
X[0][0][24]=0.587785
X[0][0][25]=0.500000
X[0][0][26]=0.406737
X[0][0][27]=0.309017
X[0][0][28]=0.207912
X[0][0][29]=0.104528
Y[0][1][0]=0.000000
Y[0][1][1]=0.104528
Y[0][1][2]=0.207912
Y[0][1][3]=0.309017
Y[0][1][4]=0.406737
Y[0][1][5]=0.500000
Y[0][1][6]=0.587785
Y[0][1][7]=0.669131
Y[0][1][8]=0.743145
Y[0][1][9]=0.809017
Y[0][1][10]=0.866025
Y[0][1][11]=0.913545
Y[0][1][12]=0.951057
Y[0][1][13]=0.978148
Y[0][1][14]=0.994522
Y[0][1][15]=1.000000
Y[0][1][16]=0.994522
Y[0][1][17]=0.978148
Y[0][1][18]=0.951057
Y[0][1][19]=0.913545
Y[0][1][20]=0.866025
Y[0][1][21]=0.809017
Y[0][1][22]=0.743145
Y[0][1][23]=0.669131
Y[0][1][24]=0.587785
Y[0][1][25]=0.500000
Y[0][1][26]=0.406737
Y[0][1][27]=0.309017
Y[0][1][28]=0.207912
Y[0][1][29]=0.104528
p:1
X[1][0][0]=-0.104528
X[1][0][1]=-0.207912
X[1][0][2]=-0.309017
X[1][0][3]=-0.406737
X[1][0][4]=-0.500000
X[1][0][5]=-0.587785
X[1][0][6]=-0.669131
X[1][0][7]=-0.743145
X[1][0][8]=-0.809017
X[1][0][9]=-0.866025
X[1][0][10]=-0.913545
X[1][0][11]=-0.951057
X[1][0][12]=-0.978148
X[1][0][13]=-0.994522
X[1][0][14]=-1.000000
X[1][0][15]=-0.994522
X[1][0][16]=-0.978148
X[1][0][17]=-0.951057
X[1][0][18]=-0.913545
X[1][0][19]=-0.866025
X[1][0][20]=-0.809017
X[1][0][21]=-0.743145
X[1][0][22]=-0.669131
X[1][0][23]=-0.587785
X[1][0][24]=-0.500000
X[1][0][25]=-0.406737
X[1][0][26]=-0.309017
X[1][0][27]=-0.207912
X[1][0][28]=-0.104528
Y[1][1][0]=0.0
Y[1][1][1]=0.0
Y[1][1][2]=0.0
Y[1][1][3]=0.0
Y[1][1][4]=0.0
Y[1][1][5]=0.0
Y[1][1][6]=0.0
Y[1][1][7]=0.0
Y[1][1][8]=0.0
Y[1][1][9]=0.0
Y[1][1][10]=0.0
Y[1][1][11]=0.0
Y[1][1][12]=0.0
Y[1][1][13]=0.0
Y[1][1][14]=0.0
Y[1][1][15]=0.0
Y[1][1][16]=0.0
Y[1][1][17]=0.0
Y[1][1][18]=0.0
Y[1][1][19]=0.0
Y[1][1][20]=0.0
Y[1][1][21]=0.0
Y[1][1][22]=0.0
Y[1][1][23]=0.0
Y[1][1][24]=0.0
Y[1][1][25]=0.0
Y[1][1][26]=0.0
Y[1][1][27]=0.0
Y[1][1][28]=0.0
end
