Unit:5
w[0][0]=1.459856
w[0][1]=-1.028235
w[0][2]=3.095081
w[0][3]=-0.135804
w[0][4]=-0.419367
w[1][0]=-1.034917
w[1][1]=1.378956
w[1][2]=2.941197
w[1][3]=-0.065879
w[1][4]=-0.401291
w[2][0]=-1.969376
w[2][1]=-2.061696
w[2][2]=-0.867520
w[2][3]=-1.958926
w[2][4]=-0.364111
w[3][0]=0.884543
w[3][1]=0.993749
w[3][2]=0.113852
w[3][3]=2.150049
w[3][4]=-0.965612
w[4][0]=-1.300505
w[4][1]=-1.387893
w[4][2]=-0.962868
w[4][3]=0.054497
w[4][4]=1.483397
