Unit:5
w[0][0]=1.312539
w[0][1]=4.309199
w[0][2]=0.781487
w[0][3]=-0.476880
w[0][4]=-0.476880
w[1][0]=-0.858533
w[1][1]=-0.574729
w[1][2]=-0.975157
w[1][3]=-0.466841
w[1][4]=-0.466841
w[2][0]=-0.262419
w[2][1]=-2.069704
w[2][2]=0.208130
w[2][3]=0.036928
w[2][4]=0.036928
w[3][0]=-0.482495
w[3][1]=-2.103285
w[3][2]=-0.168596
w[3][3]=0.116994
w[3][4]=0.116994
w[4][0]=-0.482495
w[4][1]=-2.103285
w[4][2]=-0.168596
w[4][3]=0.116994
w[4][4]=0.116994
